
H2                Ref-Elm. Gurvich,1978 pt1 p103 pt2 p31.
 3 tpis78 H   2.00    0.00    0.00    0.00    0.00 0    2.0158800          0.000
    200.000   1000.0007 -2.0 -1.0  0.0  1.0  2.0  3.0  4.0  0.0         8468.102
 4.078323210D+04-8.009186040D+02 8.214702010D+00-1.269714457D-02 1.753605076D-05
-1.202860270D-08 3.368093490D-12 0.000000000D+00 2.682484665D+03-3.043788844D+01
   1000.000   6000.0007 -2.0 -1.0  0.0  1.0  2.0  3.0  4.0  0.0         8468.102
 5.608128010D+05-8.371504740D+02 2.975364532D+00 1.252249124D-03-3.740716190D-07
 5.936625200D-11-3.606994100D-15 0.000000000D+00 5.339824410D+03-2.202774769D+00
   6000.000  20000.0007 -2.0 -1.0  0.0  1.0  2.0  3.0  4.0  0.0         8468.102
 4.966884120D+08-3.147547149D+05 7.984121880D+01-8.414789210D-03 4.753248350D-07
-1.371873492D-11 1.605461756D-16 0.000000000D+00 2.488433516D+06-6.695728110D+02

H2O               Hf:Cox,1989. Woolley,1987. TRC(10/88) tuv25.
 2 g 8/89 H   2.00O   1.00    0.00    0.00    0.00 0   18.0152800    -241826.000
    200.000   1000.0007 -2.0 -1.0  0.0  1.0  2.0  3.0  4.0  0.0         9904.092
-3.947960830D+04 5.755731020D+02 9.317826530D-01 7.222712860D-03-7.342557370D-06
 4.955043490D-09-1.336933246D-12 0.000000000D+00-3.303974310D+04 1.724205775D+01
   1000.000   6000.0007 -2.0 -1.0  0.0  1.0  2.0  3.0  4.0  0.0         9904.092
 1.034972096D+06-2.412698562D+03 4.646110780D+00 2.291998307D-03-6.836830480D-07
 9.426468930D-11-4.822380530D-15 0.000000000D+00-1.384286509D+04-7.978148510D+00

CH4               Gurvich,1991 pt1 p44 pt2 p36.
 2 g 8/99 C   1.00H   4.00    0.00    0.00    0.00 0   16.0424600     -74600.000
    200.000   1000.0007 -2.0 -1.0  0.0  1.0  2.0  3.0  4.0  0.0        10016.202
-1.766850998D+05 2.786181020D+03-1.202577850D+01 3.917619290D-02-3.619054430D-05
 2.026853043D-08-4.976705490D-12 0.000000000D+00-2.331314360D+04 8.904322750D+01
   1000.000   6000.0007 -2.0 -1.0  0.0  1.0  2.0  3.0  4.0  0.0        10016.202
 3.730042760D+06-1.383501485D+04 2.049107091D+01-1.961974759D-03 4.727313040D-07
-3.728814690D-11 1.623737207D-15 0.000000000D+00 7.532066910D+04-1.219124889D+02

CO                Gurvich,1979 pt1 p25 pt2 p29.
 3 tpis79 C   1.00O   1.00    0.00    0.00    0.00 0   28.0101000    -110535.196
    200.000   1000.0007 -2.0 -1.0  0.0  1.0  2.0  3.0  4.0  0.0         8671.104
 1.489045326D+04-2.922285939D+02 5.724527170D+00-8.176235030D-03 1.456903469D-05
-1.087746302D-08 3.027941827D-12 0.000000000D+00-1.303131878D+04-7.859241350D+00
   1000.000   6000.0007 -2.0 -1.0  0.0  1.0  2.0  3.0  4.0  0.0         8671.104
 4.619197250D+05-1.944704863D+03 5.916714180D+00-5.664282830D-04 1.398814540D-07
-1.787680361D-11 9.620935570D-16 0.000000000D+00-2.466261084D+03-1.387413108D+01
   6000.000  20000.0007 -2.0 -1.0  0.0  1.0  2.0  3.0  4.0  0.0         8671.104
 8.868662960D+08-7.500377840D+05 2.495474979D+02-3.956351100D-02 3.297772080D-06
-1.318409933D-10 1.998937948D-15 0.000000000D+00 5.701421130D+06-2.060704786D+03

CO2               Gurvich,1991 pt1 p27 pt2 p24.
 3 g 9/99 C   1.00O   2.00    0.00    0.00    0.00 0   44.0095000    -393510.000
    200.000   1000.0007 -2.0 -1.0  0.0  1.0  2.0  3.0  4.0  0.0         9365.469
 4.943650540D+04-6.264116010D+02 5.301725240D+00 2.503813816D-03-2.127308728D-07
-7.689988780D-10 2.849677801D-13 0.000000000D+00-4.528198460D+04-7.048279440D+00
   1000.000   6000.0007 -2.0 -1.0  0.0  1.0  2.0  3.0  4.0  0.0         9365.469
 1.176962419D+05-1.788791477D+03 8.291523190D+00-9.223156780D-05 4.863676880D-09
-1.891053312D-12 6.330036590D-16 0.000000000D+00-3.908350590D+04-2.652669281D+01
   6000.000  20000.0007 -2.0 -1.0  0.0  1.0  2.0  3.0  4.0  0.0         9365.469
-1.544423287D+09 1.016847056D+06-2.561405230D+02 3.369401080D-02-2.181184337D-06
 6.991420840D-11-8.842351500D-16 0.000000000D+00-8.043214510D+06 2.254177493D+03

O2                Ref-Elm. Gurvich,1989 pt1 p94 pt2 p9.
 3 tpis89 O   2.00    0.00    0.00    0.00    0.00 0   31.9988000          0.000
    200.000   1000.0007 -2.0 -1.0  0.0  1.0  2.0  3.0  4.0  0.0         8680.104
-3.425563420D+04 4.847000970D+02 1.119010961D+00 4.293889240D-03-6.836300520D-07
-2.023372700D-09 1.039040018D-12 0.000000000D+00-3.391454870D+03 1.849699470D+01
   1000.000   6000.0007 -2.0 -1.0  0.0  1.0  2.0  3.0  4.0  0.0         8680.104
-1.037939022D+06 2.344830282D+03 1.819732036D+00 1.267847582D-03-2.188067988D-07
 2.053719572D-11-8.193467050D-16 0.000000000D+00-1.689010929D+04 1.738716506D+01
   6000.000  20000.0007 -2.0 -1.0  0.0  1.0  2.0  3.0  4.0  0.0         8680.104
 4.975294300D+08-2.866106874D+05 6.690352250D+01-6.169959020D-03 3.016396027D-07
 -7.421416600D-12 7.278175770D-17 0.000000000D+00 2.293554027D+06-5.530621610D+02

 SO2               Gurvich,1989 pt1 p288 pt2 p175.
  2 tpis89 S   1.00O   2.00    0.00    0.00    0.00 0   64.0638000    -296810.000
     200.000   1000.0007 -2.0 -1.0  0.0  1.0  2.0  3.0  4.0  0.0        10548.127
 -5.310842140D+04 9.090311670D+02-2.356891244D+00 2.204449885D-02-2.510781471D-05
  1.446300484D-08-3.369070940D-12 0.000000000D+00-4.113752080D+04 4.045512519D+01
    1000.000   6000.0007 -2.0 -1.0  0.0  1.0  2.0  3.0  4.0  0.0        10548.127
 -1.127640116D+05-8.252261380D+02 7.616178630D+00-1.999327610D-04 5.655631430D-08
 -5.454316610D-12 2.918294102D-16 0.000000000D+00-3.351308690D+04-1.655776085D+01

 H2S               Gurvich,1989 pt1 p298 pt2 p181.
  2 g 4/01 H   2.00S   1.00    0.00    0.00    0.00 0   34.0808800     -20600.000
     200.000   1000.0007 -2.0 -1.0  0.0  1.0  2.0  3.0  4.0  0.0         9958.421
  9.543808810D+03-6.875175080D+01 4.054921960D+00-3.014557336D-04 3.768497750D-06
 -2.239358925D-09 3.086859108D-13 0.000000000D+00-3.278457280D+03 1.415194691D+00
    1000.000   6000.0007 -2.0 -1.0  0.0  1.0  2.0  3.0  4.0  0.0         9958.421
  1.430040220D+06-5.284028650D+03 1.016182124D+01-9.703849960D-04 2.154003405D-07
 -2.169695700D-11 9.318163070D-16 0.000000000D+00 2.908696214D+04-4.349160391D+01

 H2O_L            Liquid. Cox,1989. Haar,1984. Keenan,1984. Stimson,1969.
 2 g 8/01 H   2.00O   1.00    0.00    0.00    0.00 2   18.0152800    -285830.000
    273.150    373.1507 -2.0 -1.0  0.0  1.0  2.0  3.0  4.0  0.0        13278.000
 1.326371304D+09-2.448295388D+07 1.879428776D+05-7.678995050D+02 1.761556813D+00
-2.151167128D-03 1.092570813D-06 0.000000000D+00 1.101760476D+08-9.779700970D+05
    373.150    600.0007 -2.0 -1.0  0.0  1.0  2.0  3.0  4.0  0.0        13278.000
 1.263631001D+09-1.680380249D+07 9.278234790D+04-2.722373950D+02 4.479243760D-01
-3.919397430D-04 1.425743266D-07 0.000000000D+00 8.113176880D+07-5.134418080D+05
